   29
   3.600000      0.1081979    
   3.700000      8.7795116E-02
   3.800000      7.0926525E-02
   3.900000      5.7202410E-02
   4.000000      4.6065349E-02
   4.100000      3.7077814E-02
   4.200000      2.9814601E-02
   4.300000      2.3914794E-02
   4.400000      1.9138306E-02
   4.500000      1.5251501E-02
   4.600000      1.2031388E-02
   4.700000      9.2987102E-03
   4.800000      6.9610281E-03
   4.900000      4.9987440E-03
   5.000000      3.4132395E-03
   5.100000      2.2145538E-03
   5.200000      1.3648920E-03
   5.300000      8.0153148E-04
   5.400000      4.5302085E-04
   5.500000      2.3970423E-04
   5.600000      1.2130349E-04
   5.700000      6.1366991E-05
   5.800000      3.1017240E-05
   5.900000      1.6166996E-05
   6.000000      8.8319548E-06
   6.100000      4.8836955E-06
   6.200000      2.7053347E-06
   6.300000      1.5057763E-06
   6.400000      8.2912675E-07
